0,0.20223355293273926
1,0.20223355293273926
2,0.20223355293273926
3,0.20223355293273926
4,0.20223355293273926
5,0.20211094617843628
6,0.20175053179264069
7,0.20115278661251068
8,0.20031818747520447
9,0.19924724102020264
10,0.19794045388698578
11,0.19639837741851807
12,0.19462153315544128
13,0.192610502243042
14,0.19036588072776794
15,0.18832845985889435
16,0.18716657161712646
17,0.18658794462680817
18,0.1863964945077896
19,0.18645919859409332
20,0.18667757511138916
21,0.18698309361934662
22,0.18732896447181702
23,0.18768413364887238
24,0.18802843987941742
25,0.18834955990314484
26,0.18864090740680695
27,0.1888996809720993
28,0.18912555277347565
29,0.18931972980499268
30,0.1894843429327011
31,0.1896219551563263
32,0.18973477184772491
33,0.18982495367527008
34,0.18989476561546326
35,0.18994656205177307
36,0.18998286128044128
37,0.19000603258609772
38,0.19001848995685577
39,0.19002240896224976
40,0.19001975655555725
41,0.19001220166683197
42,0.19000114500522614
43,0.1899876892566681
44,0.18997269868850708
45,0.18995694816112518
46,0.18994095921516418
47,0.18992513418197632
48,0.18990980088710785
49,0.18989519774913788
50,0.18988141417503357
51,0.18986853957176208
52,0.1898566484451294
53,0.1898457109928131
54,0.18983566761016846
55,0.1898263394832611
56,0.1898212879896164
57,0.18982505798339844
58,0.18983229994773865
59,0.18984055519104004
60,0.1898488849401474
61,0.18985669314861298
62,0.18986360728740692
63,0.18986950814723969
64,0.18987435102462769
65,0.18987822532653809
66,0.18988120555877686
67,0.18988339602947235
68,0.18988488614559174
69,0.18988579511642456
70,0.18988625705242157
71,0.18988633155822754
72,0.18988613784313202
73,0.18988578021526337
74,0.18988534808158875
75,0.18988485634326935
76,0.18988434970378876
77,0.18988381326198578
78,0.18988436460494995
79,0.1898859441280365
80,0.18988800048828125
81,0.18989014625549316
82,0.18988986313343048
83,0.1898840069770813
84,0.1898747980594635
85,0.18986378610134125
86,0.18985208868980408
87,0.18984048068523407
88,0.18983113765716553
89,0.18982844054698944
90,0.18983116745948792
91,0.18983690440654755
92,0.1898440271615982
93,0.18984900414943695
94,0.18984802067279816
95,0.1898432821035385
96,0.18983636796474457
97,0.18982836604118347
98,0.18982291221618652
99,0.18982408940792084
100,0.18982645869255066
101,0.18982475996017456
102,0.1898205578327179
103,0.18981780111789703
104,0.1898196041584015
105,0.18982002139091492
106,0.18981729447841644
107,0.18981558084487915
108,0.18981808423995972
109,0.18981891870498657
110,0.1898164600133896
111,0.18981485068798065
112,0.18981735408306122
113,0.1898181438446045
114,0.18981561064720154
115,0.18981389701366425
116,0.18981626629829407
117,0.18981695175170898
118,0.18981432914733887
119,0.1898137927055359
120,0.18981517851352692
121,0.1898142397403717
122,0.18981340527534485
123,0.18981453776359558
124,0.18981333076953888
125,0.18981225788593292
126,0.18981319665908813
127,0.1898118108510971
128,0.1898105889558792
129,0.18981142342090607
130,0.18980994820594788
131,0.18980832397937775
132,0.18980945646762848
133,0.1898091435432434
134,0.18980848789215088
135,0.18980707228183746
136,0.18980669975280762
137,0.18980690836906433
138,0.18980655074119568
139,0.18980515003204346
140,0.18980377912521362
141,0.18980440497398376
142,0.18980427086353302
143,0.18980297446250916
144,0.18980255722999573
145,0.18980292975902557
146,0.18980199098587036
147,0.18979953229427338
148,0.18979930877685547
149,0.1897994577884674
150,0.18979893624782562
151,0.1897972822189331
152,0.1897955983877182
153,0.18979592621326447
154,0.18979516625404358
155,0.18979495763778687
156,0.1897941380739212
157,0.18979226052761078
158,0.18979138135910034
159,0.18979106843471527
160,0.18979018926620483
161,0.1897895783185959
162,0.18978853523731232
163,0.18978780508041382
164,0.1897875815629959
165,0.18978673219680786
166,0.1897864043712616
167,0.18978478014469147
168,0.1897839903831482
169,0.18978367745876312
170,0.18978361785411835
171,0.18978281319141388
172,0.18978245556354523
173,0.18978236615657806
174,0.18978078663349152
175,0.18977896869182587
176,0.18977902829647064
177,0.1897791475057602
178,0.1897783726453781
179,0.18977797031402588
180,0.18977618217468262
181,0.18977516889572144
182,0.18977463245391846
183,0.18977434933185577
184,0.18977421522140503
185,0.18977326154708862
186,0.18977239727973938
187,0.18977192044258118
188,0.1897716224193573
189,0.18977053463459015
190,0.18976956605911255
191,0.18976901471614838
192,0.18976867198944092
193,0.18976753950119019
194,0.1897677630186081
195,0.18976695835590363
196,0.1897648274898529
197,0.18976517021656036
198,0.1897650808095932
199,0.18976284563541412
200,0.1897624135017395
201,0.189762145280838
202,0.1897619366645813
203,0.18976087868213654
204,0.1897602379322052
205,0.18975985050201416
206,0.18975959718227386
207,0.1897577941417694
208,0.18975670635700226
209,0.18975603580474854
210,0.1897556185722351
211,0.18975535035133362
212,0.1897551566362381
213,0.18975409865379333
214,0.1897534430027008
215,0.18975305557250977
216,0.18975280225276947
217,0.18975262343883514
218,0.18975085020065308
219,0.189750075340271
220,0.18975059688091278
221,0.1897483766078949
222,0.18974703550338745
223,0.18974784016609192
224,0.18974681198596954
225,0.189745232462883
226,0.18974535167217255
227,0.18974541127681732
228,0.1897445172071457
229,0.1897439807653427
230,0.18974334001541138
231,0.18974295258522034
232,0.18974298238754272
233,0.18974146246910095
234,0.1897408813238144
235,0.18974150717258453
236,0.18973936140537262
237,0.18973709642887115
238,0.18973961472511292
239,0.1897396296262741
240,0.1897358000278473
241,0.18973514437675476
242,0.18973855674266815
243,0.18973907828330994
244,0.1897355020046234
245,0.18973234295845032
246,0.18973314762115479
247,0.18973468244075775
248,0.1897331327199936
249,0.18973122537136078
250,0.1897311508655548
251,0.18973110616207123
252,0.18973016738891602
253,0.18972964584827423
254,0.18972936272621155
255,0.18972919881343842
256,0.18972750008106232
257,0.18972554802894592
258,0.1897270381450653
259,0.18972647190093994
260,0.18972399830818176
261,0.18972349166870117
262,0.18972325325012207
263,0.18972228467464447
264,0.1897214949131012
265,0.18972115218639374
266,0.18972013890743256
267,0.18972055613994598
268,0.18971998989582062
269,0.18971814215183258
270,0.18971717357635498
271,0.1897183060646057
272,0.1897175908088684
273,0.18971632421016693
274,0.18971583247184753
275,0.1897156834602356
276,0.18971574306488037
277,0.18971429765224457
278,0.18971261382102966
279,0.18971280753612518
280,0.18971307575702667
281,0.18971246480941772
282,0.18971066176891327
283,0.18970976769924164
284,0.18971100449562073
285,0.18971040844917297
286,0.18970926105976105
287,0.18970976769924164
288,0.1897076815366745
289,0.18970821797847748
290,0.18970845639705658
291,0.18970660865306854
292,0.18970657885074615
293,0.1897067278623581
294,0.18970607221126556
295,0.18970586359500885
296,0.18970592319965363
297,0.1897045075893402
298,0.18970385193824768
299,0.18970361351966858
300,0.18970364332199097
301,0.18970292806625366
302,0.18970268964767456
303,0.18970276415348053
304,0.18970297276973724
305,0.18970166146755219
306,0.18970009684562683
307,0.18970192968845367
308,0.18970170617103577
309,0.18969954550266266
310,0.18969933688640594
311,0.18969938158988953
312,0.1896986961364746
313,0.18969935178756714
314,0.18969900906085968
315,0.18969735503196716
316,0.18969812989234924
317,0.1896972358226776
318,0.18969590961933136
319,0.1896963268518448
320,0.18969585001468658
321,0.18969541788101196
322,0.18969447910785675
323,0.18969498574733734
324,0.18969455361366272
325,0.18969285488128662
326,0.18969205021858215
327,0.18969178199768066
328,0.18969181180000305
329,0.18969202041625977
330,0.1896914392709732
331,0.18969129025936127
332,0.18968980014324188
333,0.18968912959098816
334,0.189690500497818
335,0.1896900236606598
336,0.18968774378299713
337,0.18968908488750458
338,0.18968859314918518
339,0.18968752026557922
340,0.18968689441680908
341,0.18968674540519714
342,0.18968716263771057
343,0.1896861344575882
344,0.18968476355075836
345,0.18968521058559418
346,0.1896856725215912
347,0.18968524038791656
348,0.1896851807832718
349,0.189683735370636
350,0.18968309462070465
351,0.18968291580677032
352,0.1896830052137375
353,0.1896832436323166
354,0.18968267738819122
355,0.18968254327774048
356,0.18968267738819122
357,0.18968135118484497
358,0.1896807700395584
359,0.18968060612678528
360,0.18968071043491364
361,0.1896800696849823
362,0.1896807998418808
363,0.18968051671981812
364,0.18967893719673157
365,0.18967819213867188
366,0.18967950344085693
367,0.18967898190021515
368,0.189677894115448
369,0.18967755138874054
370,0.18967756628990173
371,0.18967777490615845
372,0.18967647850513458
373,0.18967494368553162
374,0.18967527151107788
375,0.18967565894126892
376,0.18967357277870178
377,0.18967415392398834
378,0.1896744668483734
379,0.18967273831367493
380,0.1896728277206421
381,0.18967309594154358
382,0.1896725594997406
383,0.18967245519161224
384,0.18967102468013763
385,0.1896704137325287
386,0.18967027962207794
387,0.18967042863368988
388,0.18966953456401825
389,0.18966932594776154
390,0.1896710842847824
391,0.1896713227033615
392,0.1896723061800003
393,0.18967197835445404
394,0.1896725594997406
395,0.18967454135417938
396,0.18967466056346893
397,0.18967357277870178
398,0.1896735429763794
399,0.18967506289482117
400,0.1896754503250122
401,0.18967466056346893
402,0.1896747499704361
403,0.18967510759830475
404,0.18967345356941223
405,0.1896701157093048
406,0.18966609239578247
407,0.18966180086135864
408,0.18965750932693481
409,0.1896534115076065
410,0.1896512508392334
411,0.18965308368206024
412,0.18965718150138855
413,0.1896623820066452
414,0.18966791033744812
415,0.18967366218566895
416,0.1896803230047226
417,0.1896873265504837
418,0.18969155848026276
419,0.1896895319223404
420,0.18968363106250763
421,0.18967552483081818
422,0.18966634571552277
423,0.18965694308280945
424,0.18964926898479462
425,0.18964366614818573
426,0.1896396279335022
427,0.18963967263698578
428,0.18964336812496185
429,0.1896490603685379
430,0.18965557217597961
431,0.1896621733903885
432,0.18966838717460632
433,0.18967396020889282
434,0.18967877328395844
435,0.189683198928833
436,0.18968825042247772
437,0.1896935999393463
438,0.1896962821483612
439,0.1896929293870926
440,0.18968594074249268
441,0.1896769106388092
442,0.1896669864654541
443,0.18965695798397064
444,0.18964819610118866
445,0.18964216113090515
446,0.18963806331157684
447,0.18963806331157684
448,0.18964166939258575
449,0.18964724242687225
450,0.1896536648273468
451,0.1896601915359497
452,0.18966634571552277
453,0.1896718442440033
454,0.18967658281326294
455,0.18967927992343903
456,0.1896783709526062
457,0.1896752119064331
458,0.18967074155807495
459,0.18966564536094666
460,0.18966035544872284
461,0.18965518474578857
462,0.18965190649032593
463,0.18965259194374084
464,0.18965409696102142
465,0.189654141664505
466,0.1896546185016632
467,0.18965530395507812
468,0.1896560788154602
469,0.18965639173984528
470,0.18965744972229004
471,0.1896601915359497
472,0.18966518342494965
473,0.18967172503471375
474,0.18967728316783905
475,0.1896776705980301
476,0.18967366218566895
477,0.1896670013666153
478,0.18965895473957062
479,0.18965038657188416
480,0.18964262306690216
481,0.1896369904279709
482,0.18963296711444855
483,0.18963167071342468
484,0.18963466584682465
485,0.18964006006717682
486,0.18964655697345734
487,0.18965330719947815
488,0.18965978920459747
489,0.18966567516326904
490,0.18967080116271973
491,0.1896764636039734
492,0.18968257308006287
493,0.18968603014945984
494,0.18968340754508972
495,0.18967710435390472
496,0.1896687150001526
497,0.18965940177440643
498,0.18964990973472595
499,0.18964241445064545
500,0.1896371841430664
501,0.18963360786437988
502,0.18963393568992615
503,0.18963772058486938
504,0.18964336812496185
505,0.1896497905254364
506,0.18965627253055573
507,0.18966233730316162
508,0.189667746424675
509,0.18967238068580627
510,0.1896762102842331
511,0.18967995047569275
512,0.18968458473682404
513,0.18968693912029266
514,0.18968351185321808
515,0.18967659771442413
516,0.1896677166223526
517,0.1896580010652542
518,0.18964819610118866
519,0.18964055180549622
520,0.18963530659675598
521,0.18963178992271423
522,0.1896321326494217
523,0.18963588774204254
524,0.18964147567749023
525,0.18964779376983643
526,0.1896541565656662
527,0.18966011703014374
528,0.18966542184352875
529,0.18966764211654663
530,0.18966680765151978
531,0.1896640658378601
532,0.1896602213382721
533,0.1896558552980423
534,0.18965135514736176
535,0.18964695930480957
536,0.18964436650276184
537,0.18964552879333496
538,0.18964740633964539
539,0.1896471530199051
540,0.18964706361293793
541,0.18964888155460358
542,0.18964962661266327
543,0.18964847922325134
544,0.1896490454673767
545,0.18964959681034088
546,0.18964828550815582
547,0.1896478831768036
548,0.18964804708957672
549,0.1896480768918991
550,0.1896476447582245
551,0.18964727222919464
552,0.1896473616361618
553,0.18964648246765137
554,0.1896463930606842
555,0.18964824080467224
556,0.18965153396129608
557,0.18965695798397064
558,0.1896638125181198
559,0.18966855108737946
560,0.18966743350028992
561,0.18966266512870789
562,0.18965581059455872
563,0.18964792788028717
564,0.18963977694511414
565,0.18963323533535004
566,0.18962858617305756
567,0.1896253377199173
568,0.18962462246418
569,0.18962806463241577
570,0.18963377177715302
571,0.18964049220085144
572,0.18964745104312897
573,0.18965408205986023
574,0.18966008722782135
575,0.1896660178899765
576,0.18967266380786896
577,0.18967922031879425
578,0.18968065083026886
579,0.18967680633068085
580,0.18966983258724213
581,0.1896611899137497
582,0.18965189158916473
583,0.18964262306690216
584,0.1896354705095291
585,0.1896306872367859
586,0.18962758779525757
587,0.1896270513534546
588,0.18963050842285156
589,0.18963614106178284
590,0.1896427571773529
591,0.1896495372056961
592,0.18965598940849304
593,0.18966178596019745
594,0.18966680765151978
595,0.18966977298259735
596,0.18966922163963318
597,0.18966645002365112
598,0.1896624118089676
599,0.1896577775478363
600,0.1896529495716095
601,0.18964822590351105
602,0.18964380025863647
603,0.18964128196239471
604,0.18964262306690216
605,0.18964533507823944
606,0.18964624404907227
607,0.1896461844444275
608,0.1896471381187439
609,0.1896481215953827
610,0.18964777886867523
611,0.18964743614196777
612,0.18964748084545135
613,0.1896473914384842
614,0.1896468549966812
615,0.18964575231075287
616,0.18964599072933197
617,0.18964730203151703
618,0.1896502822637558
619,0.18965551257133484
620,0.18966226279735565
621,0.1896669566631317
622,0.18966583907604218
623,0.18966110050678253
624,0.18965427577495575
625,0.18964643776416779
626,0.18963833153247833
627,0.18963183462619781
628,0.18962720036506653
629,0.18962395191192627
630,0.18962325155735016
631,0.18962667882442474
632,0.1896323710680008
633,0.18963909149169922
634,0.18964600563049316
635,0.18965257704257965
636,0.189658522605896
637,0.18966498970985413
638,0.1896718293428421
639,0.18967700004577637
640,0.18967673182487488
641,0.18967194855213165
642,0.1896645426750183
643,0.18965581059455872
644,0.1896466463804245
645,0.18963764607906342
646,0.18963082134723663
647,0.18962638080120087
648,0.18962357938289642
649,0.18962335586547852
650,0.18962708115577698
651,0.18963298201560974
652,0.18963982164859772
653,0.18964681029319763
654,0.1896534264087677
655,0.18965937197208405
656,0.18966451287269592
657,0.18966759741306305
658,0.18966713547706604
659,0.18966446816921234
660,0.18966051936149597
661,0.18965597450733185
662,0.1896512508392334
663,0.1896466165781021
664,0.1896422654390335
665,0.18963828682899475
666,0.18963764607906342
667,0.18964022397994995
668,0.18964456021785736
669,0.18964692950248718
670,0.18964679539203644
671,0.18964509665966034
672,0.189643993973732
673,0.18964582681655884
674,0.18964651226997375
675,0.18964529037475586
676,0.18964292109012604
677,0.18964286148548126
678,0.1896444708108902
679,0.1896466314792633
680,0.18965083360671997
681,0.18965721130371094
682,0.18966439366340637
683,0.18966689705848694
684,0.18966436386108398
685,0.1896587461233139
686,0.18965142965316772
687,0.18964335322380066
688,0.18963521718978882
689,0.18962818384170532
690,0.1896234154701233
691,0.18962028622627258
692,0.18961982429027557
693,0.18962351977825165
694,0.1896294802427292
695,0.1896364539861679
696,0.18964360654354095
697,0.18965040147304535
698,0.18965654075145721
699,0.18966180086135864
700,0.1896675080060959
701,0.18967361748218536
702,0.18967708945274353
703,0.18967455625534058
704,0.18966838717460632
705,0.1896601915359497
706,0.18965108692646027
707,0.1896418184041977
708,0.18963289260864258
709,0.18962635099887848
710,0.18962229788303375
711,0.18961992859840393
712,0.18962132930755615
713,0.1896260380744934
714,0.18963246047496796
715,0.18963949382305145
716,0.18964646756649017
717,0.1896529346704483
718,0.18965864181518555
719,0.18966348469257355
720,0.18966525793075562
721,0.1896640509366989
722,0.18966099619865417
723,0.18965692818164825
724,0.18965239822864532
725,0.18964777886867523
726,0.18964330852031708
727,0.1896391361951828
728,0.18963533639907837
729,0.18963345885276794
730,0.18963545560836792
731,0.1896395981311798
732,0.1896420270204544
733,0.18964210152626038
734,0.18964217603206635
735,0.1896432489156723
736,0.1896430253982544
737,0.18964220583438873
738,0.18964220583438873
739,0.1896418333053589
740,0.18964095413684845
741,0.18964095413684845
742,0.18964062631130219
743,0.1896389126777649
744,0.18963848054409027
745,0.18963882327079773
746,0.18963827192783356
747,0.18963737785816193
748,0.18963800370693207
749,0.18963764607906342
750,0.18963691592216492
751,0.18963764607906342
752,0.18963950872421265
753,0.18964305520057678
754,0.18964883685112
755,0.1896560788154602
756,0.18966121971607208
757,0.18966050446033478
758,0.18965615332126617
759,0.18964970111846924
760,0.18964222073554993
761,0.18963444232940674
762,0.18962757289409637
763,0.18962278962135315
764,0.1896195262670517
765,0.1896173655986786
766,0.18961754441261292
767,0.1896216869354248
768,0.1896279901266098
769,0.18963518738746643
770,0.1896425038576126
771,0.18964943289756775
772,0.18965564668178558
773,0.18966230750083923
774,0.18966929614543915
775,0.189673513174057
776,0.189671590924263
777,0.18966592848300934
778,0.18965816497802734
779,0.18964943289756775
780,0.18964049220085144
781,0.1896323263645172
782,0.18962647020816803
783,0.18962271511554718
784,0.18962040543556213
785,0.18962180614471436
786,0.18962647020816803
787,0.1896328181028366
788,0.18963977694511414
789,0.1896466761827469
790,0.18965306878089905
791,0.18965871632099152
792,0.1896612048149109
793,0.18966060876846313
794,0.18965807557106018
795,0.18965445458889008
796,0.18965034186840057
797,0.18964609503746033
798,0.18964195251464844
799,0.18963806331157684
800,0.18963536620140076
801,0.18963608145713806
802,0.18963944911956787
803,0.1896427422761917
804,0.18964332342147827
805,0.18964219093322754
806,0.189641535282135
807,0.18964222073554993
808,0.18964268267154694
809,0.18964260816574097
810,0.1896410435438156
811,0.18964064121246338
812,0.18964095413684845
813,0.1896403431892395
814,0.18964001536369324
815,0.18963958323001862
816,0.18963876366615295
817,0.1896388977766037
818,0.18963873386383057
819,0.1896371841430664
820,0.1896369457244873
821,0.1896374672651291
822,0.1896383911371231
823,0.18964099884033203
824,0.1896456629037857
825,0.18965251743793488
826,0.18966013193130493
827,0.18966303765773773
828,0.18966089189052582
829,0.18965564668178558
830,0.18964867293834686
831,0.18964093923568726
832,0.1896331012248993
833,0.1896255761384964
834,0.1896200031042099
835,0.18961648643016815
836,0.18961437046527863
837,0.1896161288022995
838,0.18962129950523376
839,0.1896282136440277
840,0.18963578343391418
841,0.1896432787179947
842,0.1896502524614334
843,0.18965643644332886
844,0.18966242671012878
845,0.18966901302337646
846,0.1896754503250122
847,0.18967677652835846
848,0.18967290222644806
849,0.18966594338417053
850,0.18965734541416168
851,0.1896481066942215
852,0.1896388977766037
853,0.18963012099266052
854,0.18962298333644867
855,0.189618781208992
856,0.1896171271800995
857,0.18961969017982483
858,0.1896251142024994
859,0.18963193893432617
860,0.18963919579982758
861,0.18964622914791107
862,0.18965266644954681
863,0.1896582990884781
864,0.18966305255889893
865,0.1896648108959198
866,0.18966364860534668
867,0.1896606832742691
868,0.18965668976306915
869,0.1896522045135498
870,0.1896475851535797
871,0.18964308500289917
872,0.18963883817195892
873,0.18963493406772614
874,0.189631387591362
875,0.18962980806827545
876,0.1896321028470993
877,0.18963654339313507
878,0.18964053690433502
879,0.1896415799856186
880,0.18964071571826935
881,0.18963871896266937
882,0.18963760137557983
883,0.18963956832885742
884,0.18964050710201263
885,0.18963958323001862
886,0.18963754177093506
887,0.18963778018951416
888,0.18963904678821564
889,0.18963834643363953
890,0.1896364539861679
891,0.1896347999572754
892,0.1896350383758545
893,0.18963523209095
894,0.18963471055030823
895,0.18963459134101868
896,0.18963444232940674
897,0.18963301181793213
898,0.18963295221328735
899,0.18963371217250824
900,0.1896335631608963
901,0.18963217735290527
902,0.18963219225406647
903,0.1896330565214157
904,0.18963389098644257
905,0.1896364688873291
906,0.1896413117647171
907,0.18964846432209015
908,0.18965643644332886
909,0.1896596997976303
910,0.18965785205364227
911,0.18965287506580353
912,0.1896461695432663
913,0.18963868916034698
914,0.18963107466697693
915,0.18962374329566956
916,0.18961834907531738
917,0.18961495161056519
918,0.1896129548549652
919,0.18961478769779205
920,0.1896200329065323
921,0.1896270215511322
922,0.18963465094566345
923,0.18964222073554993
924,0.18964925408363342
925,0.18965548276901245
926,0.18966147303581238
927,0.18966807425022125
928,0.18967211246490479
929,0.1896701157093048
930,0.18966443836688995
931,0.18965670466423035
932,0.18964804708957672
933,0.18963919579982758
934,0.18963153660297394
935,0.18962648510932922
936,0.18962326645851135
937,0.18962126970291138
938,0.18962281942367554
939,0.1896275132894516
940,0.1896338164806366
941,0.18964070081710815
942,0.18964749574661255
943,0.18965376913547516
944,0.18965859711170197
945,0.1896601915359497
946,0.18965908885002136
947,0.1896563470363617
948,0.1896526962518692
949,0.18964864313602448
950,0.1896444857120514
951,0.18964044749736786
952,0.18963664770126343
953,0.18963313102722168
954,0.18963293731212616
955,0.18963591754436493
956,0.18963782489299774
957,0.18963778018951416
958,0.18963852524757385
959,0.18963970243930817
960,0.18964102864265442
961,0.189641073346138
962,0.1896396428346634
963,0.18964023888111115
964,0.18964099884033203
965,0.18963998556137085
966,0.1896378993988037
967,0.18963730335235596
968,0.18963764607906342
969,0.18963715434074402
970,0.18963639438152313
971,0.1896364986896515
972,0.18963590264320374
973,0.18963578343391418
974,0.18963560461997986
975,0.18963508307933807
976,0.18963465094566345
977,0.18963447213172913
978,0.18963468074798584
979,0.18963469564914703
980,0.18963338434696198
981,0.18963271379470825
982,0.18963317573070526
983,0.18963447213172913
984,0.18963728845119476
985,0.1896422654390335
986,0.18964946269989014
987,0.18965743482112885
988,0.1896606683731079
989,0.18965882062911987
990,0.18965382874011993
991,0.1896471083164215
992,0.189639613032341
993,0.18963198363780975
994,0.18962465226650238
995,0.1896185576915741
996,0.18961477279663086
997,0.18961256742477417
998,0.18961431086063385
999,0.1896195411682129
1000,0.1896265745162964
1001,0.1896342933177948
1002,0.18964193761348724
1003,0.1896490603685379
1004,0.1896546334028244
1005,0.18965911865234375
1006,0.18966443836688995
1007,0.18967044353485107
1008,0.18967178463935852
1009,0.18966816365718842
1010,0.18966157734394073
1011,0.1896534264087677
1012,0.1896446794271469
1013,0.18963594734668732
1014,0.18962854146957397
1015,0.18962383270263672
1016,0.1896209567785263
1017,0.1896193027496338
1018,0.1896211802959442
1019,0.18962618708610535
1020,0.18963278830051422
1021,0.18963992595672607
1022,0.18964694440364838
1023,0.1896534115076065
1024,0.18965908885002136
1025,0.18966162204742432
1026,0.18966108560562134
1027,0.18965861201286316
1028,0.18965503573417664
1029,0.18965092301368713
1030,0.1896466612815857
1031,0.18964245915412903
1032,0.18963848054409027
1033,0.1896347999572754
1034,0.18963144719600677
1035,0.18963146209716797
1036,0.18963466584682465
1037,0.18963810801506042
1038,0.18963897228240967
1039,0.18963821232318878
1040,0.18963931500911713
1041,0.18964116275310516
1042,0.18964150547981262
1043,0.18964023888111115
1044,0.18963801860809326
1045,0.18963822722434998
1046,0.18963953852653503
1047,0.18963958323001862
1048,0.1896381825208664
1049,0.18963593244552612
1050,0.1896362006664276
1051,0.18963764607906342
1052,0.18963713943958282
1053,0.18963545560836792
1054,0.1896340399980545
1055,0.1896345168352127
1056,0.18963514268398285
1057,0.1896347552537918
1058,0.18963323533535004
1059,0.1896340698003769
1060,0.18963521718978882
1061,0.18963459134101868
1062,0.18963290750980377
1063,0.18963223695755005
1064,0.18963326513767242
1065,0.1896333396434784
1066,0.1896321326494217
1067,0.18963176012039185
1068,0.18963252007961273
1069,0.18963362276554108
1070,0.18963657319545746
1071,0.18964166939258575
1072,0.18964898586273193
1073,0.1896570473909378
1074,0.18966038525104523
1075,0.18965861201286316
1076,0.18965370953083038
1077,0.18964706361293793
1078,0.1896396279335022
1079,0.18963207304477692
1080,0.18962478637695312
1081,0.18961873650550842
1082,0.18961496651172638
1083,0.1896127462387085
1084,0.18961313366889954
1085,0.18961766362190247
1086,0.18962441384792328
1087,0.1896321028470993
1088,0.18963992595672607
1089,0.18964731693267822
1090,0.18965394794940948
1091,0.18965990841388702
1092,0.18966643512248993
1093,0.1896730214357376
1094,0.18967460095882416
1095,0.18967100977897644
1096,0.1896643340587616
1097,0.18965603411197662
1098,0.18964707851409912
1099,0.1896381378173828
1100,0.18962959945201874
1101,0.1896226704120636
1102,0.18961863219738007
1103,0.18961650133132935
1104,0.18961825966835022
1105,0.18962332606315613
1106,0.18963010609149933
1107,0.18963751196861267
1108,0.18964479863643646
1109,0.18965156376361847
1110,0.189657524228096
1111,0.1896626055240631
1112,0.18966566026210785
1113,0.1896653175354004
1114,0.1896628439426422
1115,0.18965911865234375
1116,0.18965475261211395
1117,0.18965014815330505
1118,0.18964558839797974
1119,0.18964125216007233
1120,0.18963724374771118
1121,0.1896335780620575
1122,0.18963029980659485
1123,0.18963037431240082
1124,0.18963366746902466
1125,0.18963782489299774
1126,0.18963980674743652
1127,0.18963967263698578
1128,0.18963821232318878
1129,0.18963883817195892
1130,0.18964099884033203
1131,0.18964152038097382
1132,0.1896403282880783
1133,0.18963812291622162
1134,0.1896374225616455
1135,0.1896376758813858
1136,0.18963713943958282
1137,0.1896369904279709
1138,0.18963676691055298
1139,0.1896352767944336
1140,0.18963514268398285
1141,0.18963581323623657
1142,0.18963558971881866
1143,0.18963411450386047
1144,0.18963351845741272
1145,0.18963386118412018
1146,0.18963350355625153
1147,0.18963292241096497
1148,0.1896325647830963
1149,0.18963268399238586
1150,0.18963277339935303
1151,0.1896315962076187
1152,0.18963177502155304
1153,0.1896321177482605
1154,0.18963178992271423
1155,0.18963129818439484
1156,0.18963174521923065
1157,0.18963150680065155
1158,0.18963105976581573
1159,0.18963082134723663
1160,0.18963108956813812
1161,0.18963263928890228
1162,0.18963585793972015
1163,0.1896418184041977
1164,0.1896495670080185
1165,0.1896553486585617
1166,0.1896553337574005
1167,0.18965166807174683
1168,0.1896458864212036
1169,0.18963906168937683
1170,0.1896318942308426
1171,0.1896248459815979
1172,0.1896195262670517
1173,0.18961606919765472
1174,0.189613938331604
1175,0.18961426615715027
1176,0.18961869180202484
1177,0.18962529301643372
1178,0.1896328330039978
1179,0.18964050710201263
1180,0.18964774906635284
1181,0.18965421617031097
1182,0.18966107070446014
1183,0.18966823816299438
1184,0.18967263400554657
1185,0.1896708905696869
1186,0.18966539204120636
1187,0.1896577924489975
1188,0.18964922428131104
1189,0.18964044749736786
1190,0.18963192403316498
1191,0.1896248757839203
1192,0.18962055444717407
1193,0.1896180808544159
1194,0.18961825966835022
1195,0.1896224021911621
1196,0.1896286904811859
1197,0.18963590264320374
1198,0.18964320421218872
1199,0.18965010344982147
1200,0.18965627253055573
1201,0.18966038525104523
1202,0.1896609365940094
1203,0.1896592080593109
1204,0.1896561086177826
1205,0.18965230882167816
1206,0.18964819610118866
1207,0.18964408338069916
1208,0.1896401196718216
1209,0.18963640928268433
1210,0.18963301181793213
1211,0.18963292241096497
1212,0.1896360069513321
1213,0.18963934481143951
1214,0.1896401196718216
1215,0.18963925540447235
1216,0.18963894248008728
1217,0.18963997066020966
1218,0.1896405816078186
1219,0.18964022397994995
1220,0.18963946402072906
1221,0.18964014947414398
1222,0.18963982164859772
1223,0.1896381974220276
1224,0.1896378993988037
1225,0.1896379441022873
1226,0.18963779509067535
1227,0.18963634967803955
1228,0.18963554501533508
1229,0.18963584303855896
1230,0.18963633477687836
1231,0.18963582813739777
1232,0.18963421881198883
1233,0.18963497877120972
1234,0.18963539600372314
1235,0.18963435292243958
1236,0.1896340250968933
1237,0.1896338313817978
1238,0.18963247537612915
1239,0.1896325647830963
1240,0.1896335333585739
1241,0.1896335780620575
1242,0.1896323561668396
1243,0.18963201344013214
1244,0.1896326094865799
1245,0.18963244557380676
1246,0.18963205814361572
1247,0.1896318644285202
1248,0.18963214755058289
1249,0.1896345615386963
1250,0.18963918089866638
1251,0.18964605033397675
1252,0.18965406715869904
1253,0.1896575689315796
1254,0.1896560788154602
1255,0.1896514743566513
1256,0.18964515626430511
1257,0.18963804841041565
1258,0.18963079154491425
1259,0.18962416052818298
1260,0.18961937725543976
1261,0.18961629271507263
1262,0.1896144151687622
1263,0.1896149069070816
1264,0.18961943686008453
1265,0.18962612748146057
1266,0.18963372707366943
1267,0.18964141607284546
1268,0.18964867293834686
1269,0.189655140042305
1270,0.18966197967529297
1271,0.18966911733150482
1272,0.18967238068580627
1273,0.18966998159885406
1274,0.18966417014598846
1275,0.18965645134449005
1276,0.18964791297912598
1277,0.18963924050331116
1278,0.1896308809518814
1279,0.18962480127811432
1280,0.18962107598781586
1281,0.18961894512176514
1282,0.18962056934833527
1283,0.18962550163269043
1284,0.1896321177482605
1285,0.18963934481143951
1286,0.18964646756649017
1287,0.18965308368206024
1288,0.18965891003608704
1289,0.18966159224510193
1290,0.1896611899137497
1291,0.18965885043144226
1292,0.18965540826320648
1293,0.18965141475200653
1294,0.18964724242687225
1295,0.18964312970638275
1296,0.18963921070098877
1297,0.18963558971881866
1298,0.18963226675987244
1299,0.18963229656219482
1300,0.18963554501533508
1301,0.18963900208473206
1302,0.1896398812532425
1303,0.1896391063928604
1304,0.1896388679742813
1305,0.1896405965089798
1306,0.18964093923568726
1307,0.18963973224163055
1308,0.18963965773582458
1309,0.18963977694511414
1310,0.1896396279335022
1311,0.1896381378173828
1312,0.18963724374771118
1313,0.1896374523639679
1314,0.1896369308233261
1315,0.18963687121868134
1316,0.18963675200939178
1317,0.18963536620140076
1318,0.18963535130023956
1319,0.18963566422462463
1320,0.18963578343391418
1321,0.1896345466375351
1322,0.18963412940502167
1323,0.18963390588760376
1324,0.18963344395160675
1325,0.18963319063186646
1326,0.18963341414928436
1327,0.1896335929632187
1328,0.18963247537612915
1329,0.18963220715522766
1330,0.1896328628063202
1331,0.18963275849819183
1332,0.18963149189949036
1333,0.18963171541690826
1334,0.18963280320167542
1335,0.18963515758514404
1336,0.18963973224163055
1337,0.18964655697345734
1338,0.18965454399585724
1339,0.1896580010652542
1340,0.18965648114681244
1341,0.18965186178684235
1342,0.18964552879333496
1343,0.1896384209394455
1344,0.1896311491727829
1345,0.1896241307258606
1346,0.18961893022060394
1347,0.1896156519651413
1348,0.1896137148141861
1349,0.1896156221628189
1350,0.1896209418773651
1351,0.189628005027771
1352,0.18963570892810822
1353,0.18964333832263947
1354,0.18965043127536774
1355,0.18965543806552887
1356,0.1896614134311676
1357,0.18966807425022125
1358,0.18967002630233765
1359,0.18966692686080933
1360,0.18966081738471985
1361,0.18965308368206024
1362,0.1896446794271469
1363,0.1896362602710724
1364,0.18962907791137695
1365,0.18962447345256805
1366,0.18962164223194122
1367,0.18962141871452332
1368,0.18962518870830536
1369,0.1896311342716217
1370,0.18963800370693207
1371,0.18964502215385437
1372,0.18965163826942444
1373,0.1896563470363617
1374,0.18965746462345123
1375,0.18965628743171692
1376,0.18965370953083038
1377,0.18965038657188416
1378,0.18964670598506927
1379,0.18964296579360962
1380,0.18963932991027832
1381,0.18963590264320374
1382,0.189634308218956
1383,0.1896364837884903
1384,0.18963930010795593
1385,0.1896398365497589
1386,0.1896388977766037
1387,0.18963998556137085
1388,0.18964186310768127
1389,0.18964160978794098
1390,0.18964006006717682
1391,0.18963928520679474
1392,0.18964004516601562
1393,0.1896398365497589
1394,0.18963833153247833
1395,0.1896381825208664
1396,0.18963882327079773
1397,0.18963855504989624
1398,0.18963705003261566
1399,0.18963623046875
1400,0.18963655829429626
1401,0.18963688611984253
1402,0.1896364837884903
1403,0.18963585793972015
1404,0.18963631987571716
1405,0.18963652849197388
1406,0.18963535130023956
1407,0.18963336944580078
1408,0.18963401019573212
1409,0.18963582813739777
1410,0.18963629007339478
1411,0.18963879346847534
1412,0.18964359164237976
1413,0.18965068459510803
1414,0.18965855240821838
1415,0.18966177105903625
1416,0.1896599382162094
1417,0.18965500593185425
1418,0.1896483302116394
1419,0.18964089453220367
1420,0.1896333396434784
1421,0.1896260380744934
1422,0.1896199882030487
1423,0.18961621820926666
1424,0.18961399793624878
1425,0.18961283564567566
1426,0.18961532413959503
1427,0.18962106108665466
1428,0.18962843716144562
1429,0.18963633477687836
1430,0.18964406847953796
1431,0.18965119123458862
1432,0.18965740501880646
1433,0.18966329097747803
1434,0.18966975808143616
1435,0.18967369198799133
1436,0.18967165052890778
1437,0.1896659880876541
1438,0.1896582841873169
1439,0.18964965641498566
1440,0.1896408498287201
1441,0.1896323263645172
1442,0.18962529301643372
1443,0.18962103128433228
1444,0.18961861729621887
1445,0.18961884081363678
1446,0.18962301313877106
1447,0.18962930142879486
1448,0.1896364986896515
1449,0.1896437704563141
1450,0.18965062499046326
1451,0.18965676426887512
1452,0.18965977430343628
1453,0.1896596997976303
1454,0.18965768814086914
1455,0.18965452909469604
1456,0.1896507889032364
1457,0.18964684009552002
1458,0.18964290618896484
1459,0.189639151096344
1460,0.18963566422462463
1461,0.18963247537612915
1462,0.1896325945854187
1463,0.18963585793972015
1464,0.18963932991027832
1465,0.18964023888111115
1466,0.18963950872421265
1467,0.18963928520679474
1468,0.1896403729915619
1469,0.1896403729915619
1470,0.1896398663520813
1471,0.18964006006717682
1472,0.18963949382305145
1473,0.1896386593580246
1474,0.1896388828754425
1475,0.18963885307312012
1476,0.18963749706745148
1477,0.1896362453699112
1478,0.18963681161403656
1479,0.18963655829429626
1480,0.18963512778282166
1481,0.18963460624217987
1482,0.18963505327701569
1483,0.1896347850561142
1484,0.18963341414928436
1485,0.18963351845741272
1486,0.1896345019340515
1487,0.18963457643985748
1488,0.18963338434696198
1489,0.1896330565214157
1490,0.18963295221328735
1491,0.1896326243877411
1492,0.18963250517845154
1493,0.18963217735290527
1494,0.18963207304477692
1495,0.18963244557380676
1496,0.18963277339935303
1497,0.18963178992271423
1498,0.18963098526000977
1499,0.18963201344013214
1500,0.18963220715522766
1501,0.1896311491727829
1502,0.18963031470775604
1503,0.189631387591362
1504,0.1896316111087799
1505,0.18963061273097992
1506,0.18963050842285156
1507,0.1896306276321411
1508,0.18963120877742767
1509,0.18963302671909332
1510,0.1896364837884903
1511,0.18964263796806335
1512,0.1896505206823349
1513,0.18965639173984528
1514,0.18965646624565125
1515,0.18965288996696472
1516,0.18964718282222748
1517,0.18964040279388428
1518,0.1896332949399948
1519,0.1896262913942337
1520,0.1896209716796875
1521,0.18961751461029053
1522,0.18961535394191742
1523,0.18961408734321594
1524,0.18961642682552338
1525,0.18962201476097107
1526,0.18962924182415009
1527,0.18963703513145447
1528,0.1896446794271469
1529,0.1896517425775528
1530,0.18965861201286316
1531,0.18966607749462128
1532,0.1896708905696869
1533,0.18966957926750183
1534,0.18966448307037354
1535,0.1896572709083557
1536,0.1896490454673767
1537,0.1896405667066574
1538,0.18963316082954407
1539,0.18962816894054413
1540,0.1896248757839203
1541,0.18962277472019196
1542,0.18962296843528748
1543,0.18962697684764862
1544,0.18963304162025452
1545,0.18963995575904846
1546,0.18964694440364838
1547,0.18965277075767517
1548,0.18965531885623932
1549,0.189655140042305
1550,0.18965323269367218
1551,0.18965034186840057
1552,0.18964697420597076
1553,0.18964342772960663
1554,0.18963991105556488
1555,0.18963657319545746
1556,0.1896350383758545
1557,0.18963728845119476
1558,0.1896401345729828
1559,0.18964067101478577
1560,0.18963973224163055
1561,0.18963944911956787
1562,0.1896405965089798
1563,0.18964067101478577
1564,0.18964090943336487
1565,0.18964092433452606
1566,0.18963958323001862
1567,0.18963947892189026
1568,0.18963967263698578
1569,0.1896396428346634
1570,0.18963827192783356
1571,0.1896377056837082
1572,0.18963734805583954
1573,0.18963740766048431
1574,0.1896374374628067
1575,0.18963617086410522
1576,0.1896362602710724
1577,0.189636692404747
1578,0.18963688611984253
1579,0.1896357387304306
1580,0.18963538110256195
1581,0.18963520228862762
1582,0.18963389098644257
1583,0.1896340399980545
1584,0.18963508307933807
1585,0.18963518738746643
1586,0.1896340250968933
1587,0.18963374197483063
1588,0.1896345615386963
1589,0.18963439762592316
1590,0.1896330863237381
1591,0.18963328003883362
1592,0.18963368237018585
1593,0.18963344395160675
1594,0.18963372707366943
1595,0.18963617086410522
1596,0.1896408349275589
1597,0.18964773416519165
1598,0.18965578079223633
1599,0.18965929746627808
1600,0.1896578073501587
1601,0.18965323269367218
1602,0.18964692950248718
1603,0.18963982164859772
1604,0.1896325647830963
1605,0.18962553143501282
1606,0.18962030112743378
1607,0.18961700797080994
1608,0.18961502611637115
1609,0.18961551785469055
1610,0.18962009251117706
1611,0.18962684273719788
1612,0.1896345019340515
1613,0.18964223563671112
1614,0.18964950740337372
1615,0.18965597450733185
1616,0.18966279923915863
1617,0.1896699070930481
1618,0.1896720677614212
1619,0.18966905772686005
1620,0.18966293334960938
1621,0.189655140042305
1622,0.1896466314792633
1623,0.18963809311389923
1624,0.1896299123764038
1625,0.18962402641773224
1626,0.18962052464485168
1627,0.18961858749389648
1628,0.18962040543556213
1629,0.18962550163269043
1630,0.18963226675987244
1631,0.1896395981311798
1632,0.18964682519435883
1633,0.18965351581573486
1634,0.18965940177440643
1635,0.18966321647167206
1636,0.18966348469257355
1637,0.18966148793697357
1638,0.18965816497802734
1639,0.189654141664505
1640,0.18964985013008118
1641,0.18964557349681854
1642,0.18964147567749023
1643,0.18963764607906342
1644,0.18963415920734406
1645,0.18963100016117096
1646,0.18963123857975006
1647,0.18963468074798584
1648,0.18963834643363953
1649,0.18964006006717682
1650,0.18963982164859772
1651,0.1896398514509201
1652,0.189641073346138
1653,0.1896410882472992
1654,0.18963967263698578
1655,0.18963895738124847
1656,0.1896384209394455
1657,0.18963828682899475
1658,0.18963812291622162
1659,0.1896367073059082
1660,0.18963663280010223
1661,0.1896367222070694
1662,0.18963618576526642
1663,0.1896355003118515
1664,0.189635768532753
1665,0.18963536620140076
1666,0.18963389098644257
1667,0.18963390588760376
1668,0.18963482975959778
1669,0.18963485956192017
1670,0.18963363766670227
1671,0.1896326243877411
1672,0.18963348865509033
1673,0.1896335333585739
1674,0.1896323710680008
1675,0.1896321177482605
1676,0.1896328330039978
1677,0.18963278830051422
1678,0.1896316111087799
1679,0.1896318942308426
1680,0.1896325647830963
1681,0.18963304162025452
1682,0.1896321326494217
1683,0.1896304488182068
1684,0.189631387591362
1685,0.1896321028470993
1686,0.189631387591362
1687,0.18963143229484558
1688,0.1896316260099411
1689,0.18963061273097992
1690,0.18963105976581573
1691,0.189631849527359
1692,0.1896331012248993
1693,0.18963623046875
1694,0.1896415501832962
1695,0.1896490454673767
1696,0.1896572709083557
1697,0.18966074287891388
1698,0.18965911865234375
1699,0.18965435028076172
1700,0.18964783847332
1701,0.18964053690433502
1702,0.1896330714225769
1703,0.18962587416172028
1704,0.18961918354034424
1705,0.18961450457572937
1706,0.18961185216903687
1707,0.18961209058761597
1708,0.1896166354417801
1709,0.18962348997592926
1710,0.18963131308555603
1711,0.18963927030563354
1712,0.18964679539203644
1713,0.18965354561805725
1714,0.18965743482112885
1715,0.18966075778007507
1716,0.1896653026342392
1717,0.18966829776763916
1718,0.18966591358184814
1719,0.18966026604175568
1720,0.18965281546115875
1721,0.18964454531669617
1722,0.18963615596294403
1723,0.18962974846363068
1724,0.18962553143501282
1725,0.18962283432483673
1726,0.1896211951971054
1727,0.18962298333644867
1728,0.18962787091732025
1729,0.1896343231201172
1730,0.1896412968635559
1731,0.18964813649654388
1732,0.18965443968772888
1733,0.18965761363506317
1734,0.18965767323970795
1735,0.18965575098991394
1736,0.189652681350708
1737,0.18964903056621552
1738,0.1896451711654663
1739,0.1896413415670395
1740,0.1896376758813858
1741,0.1896342635154724
1742,0.1896311640739441
1743,0.189631387591362
1744,0.1896347999572754
1745,0.1896384060382843
1746,0.1896393895149231
1747,0.18963870406150818
1748,0.18963852524757385
1749,0.18963967263698578
1750,0.18963970243930817
1751,0.18963834643363953
1752,0.18963755667209625
1753,0.18963785469532013
1754,0.18963810801506042
1755,0.18963763117790222
1756,0.18963690102100372
1757,0.18963639438152313
1758,0.18963634967803955
1759,0.18963630497455597
1760,0.1896349936723709
1761,0.1896345466375351
1762,0.1896350383758545
1763,0.1896347850561142
1764,0.18963341414928436
1765,0.18963299691677094
1766,0.1896335780620575
1767,0.18963345885276794
1768,0.18963220715522766
1769,0.18963243067264557
1770,0.1896335482597351
1771,0.18963372707366943
1772,0.18963263928890228
1773,0.18963082134723663
1774,0.18963167071342468
1775,0.18963374197483063
1776,0.18963442742824554
1777,0.18963715434074402
1778,0.18964217603206635
1779,0.18964946269989014
1780,0.189657524228096
1781,0.189660906791687
1782,0.18965919315814972
1783,0.1896543651819229
1784,0.18964780867099762
1785,0.18964047729969025
1786,0.18963299691677094
1787,0.1896257847547531
1788,0.1896194964647293
1789,0.18961527943611145
1790,0.18961283564567566
1791,0.18961161375045776
1792,0.18961413204669952
1793,0.18961995840072632
1794,0.18962740898132324
1795,0.18963542580604553
1796,0.1896432638168335
1797,0.1896504908800125
1798,0.18965685367584229
1799,0.1896628886461258
1800,0.18966947495937347
1801,0.18967345356941223
1802,0.18967145681381226
1803,0.1896657943725586
1804,0.18965809047222137
1805,0.18964944779872894
1806,0.18964062631130219
1807,0.1896321028470993
1808,0.1896250694990158
1809,0.18962082266807556
1810,0.18961843848228455
1811,0.18961869180202484
1812,0.1896228790283203
1813,0.1896291822195053
1814,0.18963637948036194
1815,0.18964365124702454
1816,0.1896505206823349
1817,0.18965664505958557
1818,0.18966074287891388
1819,0.18966130912303925
1820,0.18965961039066315
1821,0.1896565556526184
1822,0.18965278565883636
1823,0.18964871764183044
1824,0.18964461982250214
1825,0.18964068591594696
1826,0.1896369904279709
1827,0.18963362276554108
1828,0.18963214755058289
1829,0.1896338313817978
1830,0.18963710963726044
1831,0.1896386593580246
1832,0.1896384209394455
1833,0.18963854014873505
1834,0.18964073061943054
1835,0.18964187800884247
1836,0.18964114785194397
1837,0.18963928520679474
1838,0.18963830173015594
1839,0.18963895738124847
1840,0.1896386742591858
1841,0.1896371692419052
1842,0.1896364986896515
1843,0.18963678181171417
1844,0.18963636457920074
1845,0.1896357238292694
1846,0.18963530659675598
1847,0.18963536620140076
1848,0.18963541090488434
1849,0.18963418900966644
1850,0.18963363766670227
1851,0.18963420391082764
1852,0.1896340548992157
1853,0.18963274359703064
1854,0.18963290750980377
1855,0.18963253498077393
1856,0.18963326513767242
1857,0.18963322043418884
1858,0.18963201344013214
1859,0.18963171541690826
1860,0.18963168561458588
1861,0.1896321177482605
1862,0.18963249027729034
1863,0.18963153660297394
1864,0.18963076174259186
1865,0.18963181972503662
1866,0.18963202834129333
1867,0.18963100016117096
1868,0.1896301805973053
1869,0.18963125348091125
1870,0.18963149189949036
1871,0.18963049352169037
1872,0.1896304041147232
1873,0.18963053822517395
1874,0.1896304488182068
1875,0.18963053822517395
1876,0.18963110446929932
1877,0.18963292241096497
1878,0.18963637948036194
1879,0.189642533659935
1880,0.18965041637420654
1881,0.1896563023328781
1882,0.18965637683868408
1883,0.18965280055999756
1884,0.1896471083164215
1885,0.1896403431892395
1886,0.18963323533535004
1887,0.18962623178958893
1888,0.18962092697620392
1889,0.18961744010448456
1890,0.18961527943611145
1891,0.18961399793624878
1892,0.18961632251739502
1893,0.18962189555168152
1894,0.18962912261486053
1895,0.18963688611984253
1896,0.18964450061321259
1897,0.1896514743566513
1898,0.18965822458267212
1899,0.18966560065746307
1900,0.1896703541278839
1901,0.18966902792453766
1902,0.18966394662857056
1903,0.18965676426887512
1904,0.1896485686302185
1905,0.1896401345729828
1906,0.18963192403316498
1907,0.18962585926055908
1908,0.18962205946445465
1909,0.18961979448795319
1910,0.1896200180053711
1911,0.18962417542934418
1912,0.1896304339170456
1913,0.18963757157325745
1914,0.18964479863643646
1915,0.18965160846710205
1916,0.18965643644332886
1917,0.18965759873390198
1918,0.18965643644332886
1919,0.18965387344360352
1920,0.1896505355834961
1921,0.1896468549966812
1922,0.18964309990406036
1923,0.18963946402072906
1924,0.18963605165481567
1925,0.1896338015794754
1926,0.18963494896888733
1927,0.18963788449764252
1928,0.18963922560214996
1929,0.18963885307312012
1930,0.1896395981311798
1931,0.1896413415670395
1932,0.18964102864265442
1933,0.18963946402072906
1934,0.18963924050331116
1935,0.18963980674743652
1936,0.18963949382305145
1937,0.1896379590034485
1938,0.18963778018951416
1939,0.18963797390460968
1940,0.18963798880577087
1941,0.18963667750358582
1942,0.1896362006664276
1943,0.18963661789894104
1944,0.18963630497455597
1945,0.18963484466075897
1946,0.18963485956192017
1947,0.189635768532753
1948,0.189635768532753
1949,0.1896345019340515
1950,0.18963411450386047
1951,0.18963396549224854
1952,0.1896335929632187
1953,0.18963433802127838
1954,0.18963411450386047
1955,0.18963278830051422
1956,0.18963295221328735
1957,0.1896333396434784
1958,0.1896331012248993
1959,0.18963271379470825
1960,0.1896325796842575
1961,0.18963293731212616
1962,0.18963459134101868
1963,0.1896379142999649
1964,0.18964362144470215
1965,0.1896512359380722
1966,0.18965697288513184
1967,0.18965697288513184
1968,0.18965335190296173
1969,0.1896476298570633
1970,0.1896408498287201
1971,0.18963372707366943
1972,0.18962670862674713
1973,0.18962138891220093
1974,0.18961788713932037
1975,0.18961569666862488
1976,0.189614400267601
1977,0.18961670994758606
1978,0.18962228298187256
1979,0.189629465341568
1980,0.1896372139453888
1981,0.18964479863643646
1982,0.1896517425775528
1983,0.18965847790241241
1984,0.18966583907604218
1985,0.18967057764530182
1986,0.18966923654079437
1987,0.18966415524482727
1988,0.18965695798397064
1989,0.18964876234531403
1990,0.1896403282880783
1991,0.1896321177482605
1992,0.1896253079175949
1993,0.18962113559246063
1994,0.18961873650550842
1995,0.18961894512176514
1996,0.189623162150383
1997,0.18962952494621277
1998,0.18963676691055298
1999,0.18964411318302155
